# OEIS A112511
# Largest n-bit number achieving A112509(n) distinct substring values
# Source: Computed values from A112509 research project
#
# Format: n, a(n)
1 1
2 2
3 6
4 14
5 29
6 61
7 123
8 244
9 500
10 1004
11 2009
12 4057
13 8121
14 16243
15 32627
16 65267
17 130535
18 261066
19 523210
20 1046474
21 2092954
22 4185909
23 8371816
24 16760424
25 33521256
26 67042536
27 134085073
28 268302801
29 536607185
30 1073214417
31 2146428840
32 4292857688
33 8585715377
34 17175649969
35 34351324849
36 68702650033
37 137405300067
38 274844253539
39 549688606051
40 1099377212771
41 2198754425571
42 4397508851143
43 8795017702321
44 17590035404643
45 35182221449059
46 70364446054243
47 140728892118883
48 281457784237777
49 562915568475555
50 1125865521896867
51 2251731069001123
52 4503324547806947
53 9006924175177443
54 18013848552011491
55 36027697104352995
56 72055394208705991
57 144112988246633927
58 288225977299234247
59 576451954599128519
60 1152903909198261703
61 2305807818396523427
62 4611615636793046856
63 9223231273586093713
64 18446603310440869521
65 36893206646662065809
66 73786413293334654609
67 147572826586669346449
68 295145653173338692913
69 590291306346677385827
70 1180587116705383037539
71 2361165225386709546824
72 4722330450773419093649
73 9444696933643064307345
74 18889393870585335770769
75 37778787741171343814289
76 75557575482342688812689
77 151115150964685377625393
78 302230301929370755250787
79 604461756833028048927331
80 1208923513718838029433443
81 2417847027437681432312419
82 4835694054875362869361251
83 9671388109750725738722897
84 19342776219501451477445795
85 38685552439002902954962708
86 77371104878005805909925521
87 154742209756011611819851057
88 309484419512023223639702115
89 618969429333368292364483171
90 1237938858680248071108393571
91 2475877717360496829714102883
92 4951755434720993659730754147
93 9903510869441987319461508323
94 19807021738883974638923016647
95 39614062367450059037309004231
96 79228124735116296355500124615
97 158456249470232598209768581575
98 316912498940465196420747356615
99 633824997880930392841496947143
100 1267649995761860785682993898405
101 2535299991523721571365987796901
102 5070599983047443142731975593803
103 10141199966094886285463952226514
104 20282399932189772570927904453074
105 40564799864379545141855808906149
106 81129619071682885989750311478181
107 162259238143476453851472521323429
108 324518476286952909110474683704229
109 649036952573905818221104124912549
110 1298073905147811636442208384312229
111 2596147810295623272884416768624549
112 5192295620591246545768833537249099
113 10384591241182493091537667074498192
114 20769184958252148348598659732938384
115 41538369916511380291960095251570320
116 83076739833022760628958661821013648
117 166153459858919889464602673754399653
118 332306959332034373577578556289442725
119 664613918664182084671361524587553701
120 1329227837328364170063338589698646949
121 2658455674656728340126716779541554085
122 5316911349313456680253433559083108261
123 10633822698626913360506867118166216523
124 21267645397253826721013734236332433040
125 42535293329812480687474647200817946256
126 85070586659628588163937670136382561936
127 170141173319257176339404872119987674768
128 340282346638514352678810061041129430672
129 680564693277028705357620122224064142992
130 1361129386554057410715240244585640697488
131 2722258773108114821430480489171281395344
132 5444517546216229642860960978342562790689
133 10889035416951245058274954697250854173985
134 21778070833902722230676215351911416364321
135 43556141667805444461721370652430997159201
136 87112283335610888923442746371995967716641
137 174224566671221777846885492744576328039713
138 348449133342443555693770985489152656178277
139 696898266684887111387541970978305312357477
140 1393796533369774222775083941956610624714981
141 2787593066739548445550167883913223465203920
142 5575186133479096891100335767826446930407888
143 11150372266958193782200671535652893997604496
144 22300744533916387564401343071305787995209360
145 44601489067832775128802686142611575990418721
146 89202979464894021411874122687908299002379553
147 178405958929788518193101122874694684745956641
148 356811917859577036386580037662241894969408801
149 713623835719154072773160077918706743799217441
150 1427247671438308145546320155837563056093429025
