# OEIS A156023
# n*(n+1)/2 - A112509(n): complement count of binary substring values
# Source: Computed values from A112509 research project
#
# Format: n, a(n)
1 0
2 0
3 1
4 3
5 5
6 8
7 11
8 14
9 18
10 22
11 26
12 31
13 36
14 41
15 47
16 53
17 59
18 65
19 72
20 79
21 86
22 93
23 100
24 108
25 116
26 124
27 132
28 141
29 150
30 159
31 168
32 177
33 186
34 196
35 206
36 216
37 226
38 237
39 248
40 259
41 270
42 281
43 292
44 303
45 315
46 327
47 339
48 351
49 363
50 376
51 389
52 401
53 414
54 427
55 440
56 453
57 467
58 481
59 495
60 509
61 523
62 537
63 551
64 566
65 581
66 596
67 611
68 626
69 641
70 657
71 672
72 687
73 703
74 719
75 735
76 751
77 767
78 783
79 800
80 817
81 834
82 851
83 868
84 885
85 902
86 919
87 936
88 953
89 971
90 989
91 1007
92 1025
93 1043
94 1061
95 1080
96 1099
97 1118
98 1137
99 1156
100 1175
101 1194
102 1213
103 1232
104 1251
105 1270
106 1290
107 1310
108 1330
109 1350
110 1370
111 1390
112 1410
113 1430
114 1451
115 1472
116 1493
117 1513
118 1534
119 1555
120 1576
121 1597
122 1618
123 1639
124 1660
125 1682
126 1704
127 1726
128 1748
129 1770
130 1792
131 1814
132 1836
133 1859
134 1882
135 1905
136 1928
137 1951
138 1974
139 1997
140 2020
141 2043
142 2066
143 2089
144 2112
145 2135
146 2159
147 2183
148 2207
149 2231
150 2255
151 2279
152 2303
153 2327
154 2351
155 2376
156 2401
157 2425
158 2450
159 2475
160 2500
161 2525
162 2550
163 2575
164 2600
165 2625
166 2650
167 2675
168 2700
169 2726
170 2752
171 2778
172 2804
173 2830
174 2856
175 2882
176 2908
177 2935
178 2961
179 2988
180 3015
181 3042
182 3069
183 3096
184 3123
185 3150
186 3177
187 3204
188 3231
189 3258
190 3286
191 3313
192 3341
193 3369
194 3396
195 3424
196 3452
197 3480
198 3508
199 3536
200 3564
