# OEIS A156024
# n*(n+1)/2 - A156022(n): complement count of positive binary substring values
# Source: Computed values from A112509 research project
#
# Format: n, a(n)
1 0
2 1
3 2
4 4
5 6
6 9
7 12
8 15
9 19
10 23
11 27
12 32
13 37
14 42
15 48
16 54
17 60
18 66
19 73
20 80
21 87
22 94
23 101
24 109
25 117
26 125
27 133
28 142
29 151
30 160
31 169
32 178
33 187
34 197
35 207
36 217
37 227
38 238
39 249
40 260
41 271
42 282
43 293
44 304
45 316
46 328
47 340
48 352
49 364
50 377
51 390
52 402
53 415
54 428
55 441
56 454
57 468
58 482
59 496
60 510
61 524
62 538
63 552
64 567
65 582
66 597
67 612
68 627
69 642
70 658
71 673
72 688
73 704
74 720
75 736
76 752
77 768
78 784
79 801
80 818
81 835
82 852
83 869
84 886
85 903
86 920
87 937
88 954
89 972
90 990
91 1008
92 1026
93 1044
94 1062
95 1081
96 1100
97 1119
98 1138
99 1157
100 1176
101 1195
102 1214
103 1233
104 1252
105 1271
106 1291
107 1311
108 1331
109 1351
110 1371
111 1391
112 1411
113 1431
114 1452
115 1473
116 1494
117 1514
118 1535
119 1556
120 1577
121 1598
122 1619
123 1640
124 1661
125 1683
126 1705
127 1727
128 1749
129 1771
130 1793
131 1815
132 1837
133 1860
134 1883
135 1906
136 1929
137 1952
138 1975
139 1998
140 2021
141 2044
142 2067
143 2090
144 2113
145 2136
146 2160
147 2184
148 2208
149 2232
150 2256
151 2280
152 2304
153 2328
154 2352
155 2377
156 2402
157 2426
158 2451
159 2476
160 2501
161 2526
162 2551
163 2576
164 2601
165 2626
166 2651
167 2676
168 2701
169 2727
170 2753
171 2779
172 2805
173 2831
174 2857
175 2883
176 2909
177 2936
178 2962
179 2989
180 3016
181 3043
182 3070
183 3097
184 3124
185 3151
186 3178
187 3205
188 3232
189 3259
190 3287
191 3314
192 3342
193 3370
194 3397
195 3425
196 3453
197 3481
198 3509
199 3537
200 3565
