# OEIS A156022
# Maximum number of distinct positive integers from substrings of an n-bit binary number
# Source: Computed values from A112509 research project
#
# Format: n, a(n)
1 1
2 2
3 4
4 6
5 9
6 12
7 16
8 21
9 26
10 32
11 39
12 46
13 54
14 63
15 72
16 82
17 93
18 105
19 117
20 130
21 144
22 159
23 175
24 191
25 208
26 226
27 245
28 264
29 284
30 305
31 327
32 350
33 374
34 398
35 423
36 449
37 476
38 503
39 531
40 560
41 590
42 621
43 653
44 686
45 719
46 753
47 788
48 824
49 861
50 898
51 936
52 976
53 1016
54 1057
55 1099
56 1142
57 1185
58 1229
59 1274
60 1320
61 1367
62 1415
63 1464
64 1513
65 1563
66 1614
67 1666
68 1719
69 1773
70 1827
71 1883
72 1940
73 1997
74 2055
75 2114
76 2174
77 2235
78 2297
79 2359
80 2422
81 2486
82 2551
83 2617
84 2684
85 2752
86 2821
87 2891
88 2962
89 3033
90 3105
91 3178
92 3252
93 3327
94 3403
95 3479
96 3556
97 3634
98 3713
99 3793
100 3874
101 3956
102 4039
103 4123
104 4208
105 4294
106 4380
107 4467
108 4555
109 4644
110 4734
111 4825
112 4917
113 5010
114 5103
115 5197
116 5292
117 5389
118 5486
119 5584
120 5683
121 5783
122 5884
123 5986
124 6089
125 6192
126 6296
127 6401
128 6507
129 6614
130 6722
131 6831
132 6941
133 7051
134 7162
135 7274
136 7387
137 7501
138 7616
139 7732
140 7849
141 7967
142 8086
143 8206
144 8327
145 8449
146 8571
147 8694
148 8818
149 8943
150 9069
151 9196
152 9324
153 9453
154 9583
155 9713
156 9844
157 9977
158 10110
159 10244
160 10379
161 10515
162 10652
163 10790
164 10929
165 11069
166 11210
167 11352
168 11495
169 11638
170 11782
171 11927
172 12073
173 12220
174 12368
175 12517
176 12667
177 12817
178 12969
179 13121
180 13274
181 13428
182 13583
183 13739
184 13896
185 14054
186 14213
187 14373
188 14534
189 14696
190 14858
191 15022
192 15186
193 15351
194 15518
195 15685
196 15853
197 16022
198 16192
199 16363
200 16535
