# OEIS A112509 Known Values
# Source: https://oeis.org/A112509
# Maximum number of distinct integers from n-bit binary substrings

# Format: n, a(n)
1 1
2 3
3 5
4 7
5 10
6 13
7 17
8 22
9 27
10 33
11 40
12 47
13 55
14 64
15 73
16 83
17 94
18 106
19 118
20 131
21 145
22 160
23 176
24 192
25 209
26 227
27 246
28 265
29 285
30 306
31 328
32 351
33 375
34 399
35 424
36 450
37 477
38 504
39 532
40 561
41 591
42 622
43 654
44 687
45 720
46 754
47 789
48 825
49 862
50 899
51 937
52 977
53 1017
54 1058
55 1100
56 1143
57 1186
58 1230
59 1275
60 1321
61 1368
62 1416
63 1465
64 1514
65 1564
66 1615
67 1667
68 1720
69 1774
70 1828
71 1884
72 1941
73 1998
74 2056
75 2115
76 2175
77 2236
78 2298
79 2360
80 2423
